[ 2021-05-27 15:37:19,211][test.<module>] Namespace(attr_batch_size=0, basis_type='dyadic', batch_size=64, bucket_seqs=False, cuda=True, dataset='mimic_3_clip_scaled', dropout=0.0, embedding_dim=16, epochs=50, hidden_size=16, input_dir='./data', l2_reg=0, lr=0.001, max_mean=100, model='ERPP', n_bases=7, num_workers=0, occurred_type_only=False, optimizer='Adam', output_dir='./data_output', rand_seed=0, rnn='GRU', skip_eval_infectivity=False, skip_pred_next_event=False, split_id=0, steps=50, tune_metric='nll', verbose=False)
param_num= 19312
[Loading trained model] Elapsed: 3.2062 sec.
start eval one batch
start eval one batch
start eval one batch
start eval one batch
start eval one batch
start eval one batch
start eval one batch
start eval one batch
start eval one batch
start eval one batch
start eval one batch
[[ 0.21275201  0.        ]
 [ 0.21276201  0.        ]
 [ 0.21276201  0.        ]
 [ 0.21276201  0.        ]
 [ 0.21276201  0.        ]
 [ 0.21276201  0.        ]
 [ 0.21276201  0.        ]
 [ 0.21276201  0.        ]
 [ 0.21276201  0.        ]
 [ 0.21276201  0.        ]
 [ 0.21276201  0.        ]
 [ 0.21276201  0.        ]
 [ 0.21276201  0.        ]
 [ 0.21276201  0.        ]
 [ 0.21276201  0.        ]
 [ 0.21276201  0.        ]
 [ 0.21276201  0.        ]
 [ 0.21276201  0.        ]
 [ 0.34560978  0.        ]
 [ 1.9899883   0.        ]
 [ 7.151482    0.        ]
 [10.212752    0.        ]
 [10.212752    0.        ]
 [10.212752    0.        ]
 [10.212752    0.        ]
 [10.212752    0.        ]
 [10.212752    0.        ]
 [10.212752    0.        ]
 [10.212752    0.        ]
 [10.212752    0.        ]
 [10.212752    0.        ]
 [10.212752    0.        ]
 [10.212752    0.        ]
 [10.212752    0.        ]
 [10.212752    0.        ]
 [10.212752    0.        ]
 [10.212752    0.        ]
 [10.212752    0.        ]
 [10.212752    0.        ]
 [10.212752    0.        ]
 [10.212752    0.        ]
 [10.212752    0.        ]
 [10.212752    0.        ]
 [10.212752    0.        ]
 [10.212752    0.        ]
 [10.212752    0.        ]
 [10.212752    0.        ]
 [10.212752    0.        ]
 [10.212752    0.        ]
 [10.212752    0.        ]
 [10.212752    0.        ]
 [10.212752    0.        ]
 [10.212752    0.        ]
 [10.212752    0.        ]
 [10.212752    0.        ]
 [10.212752    0.        ]
 [10.212752    0.        ]
 [10.212752    0.        ]
 [10.339059    0.        ]
 [10.715903    0.        ]
 [10.754158    0.        ]
 [10.703784    0.        ]]
[[1.00000000e-05 0.00000000e+00]
 [1.00000000e-05 3.00000000e+00]
 [1.00000000e-05 5.00000000e+00]
 [1.00000000e-05 1.00000000e+01]
 [1.00000000e-05 1.20000000e+01]
 [1.00000000e-05 1.30000000e+01]
 [1.00000000e-05 1.50000000e+01]
 [1.00000000e-05 2.40000000e+01]
 [1.00000000e-05 2.90000000e+01]
 [1.00000000e-05 3.40000000e+01]
 [1.00000000e-05 3.50000000e+01]
 [1.00000000e-05 3.60000000e+01]
 [1.00000000e-05 3.80000000e+01]
 [1.00000000e-05 4.00000000e+01]
 [1.00000000e-05 4.10000000e+01]
 [1.00000000e-05 4.80000000e+01]
 [1.00000000e-05 5.00000000e+01]
 [1.00000000e-05 6.10000000e+01]
 [1.38485848e+00 4.60000000e+01]
 [6.54546455e+00 5.10000000e+01]
 [1.00000000e+01 1.00000000e+00]
 [1.00000000e+01 2.00000000e+00]
 [1.00000000e+01 4.00000000e+00]
 [1.00000000e+01 6.00000000e+00]
 [1.00000000e+01 7.00000000e+00]
 [1.00000000e+01 8.00000000e+00]
 [1.00000000e+01 9.00000000e+00]
 [1.00000000e+01 1.10000000e+01]
 [1.00000000e+01 1.40000000e+01]
 [1.00000000e+01 1.60000000e+01]
 [1.00000000e+01 1.70000000e+01]
 [1.00000000e+01 1.80000000e+01]
 [1.00000000e+01 1.90000000e+01]
 [1.00000000e+01 2.00000000e+01]
 [1.00000000e+01 2.10000000e+01]
 [1.00000000e+01 2.20000000e+01]
 [1.00000000e+01 2.30000000e+01]
 [1.00000000e+01 2.50000000e+01]
 [1.00000000e+01 2.60000000e+01]
 [1.00000000e+01 2.70000000e+01]
 [1.00000000e+01 2.80000000e+01]
 [1.00000000e+01 3.00000000e+01]
 [1.00000000e+01 3.10000000e+01]
 [1.00000000e+01 3.20000000e+01]
 [1.00000000e+01 3.30000000e+01]
 [1.00000000e+01 3.70000000e+01]
 [1.00000000e+01 3.90000000e+01]
 [1.00000000e+01 4.20000000e+01]
 [1.00000000e+01 4.30000000e+01]
 [1.00000000e+01 4.40000000e+01]
 [1.00000000e+01 4.50000000e+01]
 [1.00000000e+01 4.90000000e+01]
 [1.00000000e+01 5.20000000e+01]
 [1.00000000e+01 5.30000000e+01]
 [1.00000000e+01 5.40000000e+01]
 [1.00000000e+01 5.50000000e+01]
 [1.00000000e+01 5.60000000e+01]
 [1.00000000e+01 5.70000000e+01]
 [1.00000000e+01 5.80000000e+01]
 [1.00000000e+01 5.90000000e+01]
 [1.00000000e+01 6.00000000e+01]
 [1.11333433e+01 4.70000000e+01]]
MAE= 0.27046346146049893
[Predict the next event] Elapsed: 1.4626 sec.
