preprocess start
cust num= 50000
cust num= 330
[list([(1867, 5)]) list([(723, 5), (1011, 5), (2163, 5)])
 list([(1499, 5)]) ... list([(2315, 8)]) list([(2323, 8)])
 list([(2336, 8)])]
[list([(1165, 8), (1474, 5), (1484, 8)]) list([(1862, 8)])
 list([(465, 5), (686, 5), (686, 8), (923, 5), (1396, 5), (1525, 5), (1525, 8), (1526, 6), (1812, 8), (2306, 5)])
 list([(109, 8)]) list([(2315, 5)]) list([(209, 8)])
 list([(331, 8), (939, 5), (939, 6)]) list([(547, 5)]) list([(935, 8)])
 list([(1896, 5), (1896, 8)])
 list([(434, 8), (546, 5), (812, 8), (1135, 8), (1504, 5)])
 list([(1265, 5), (1885, 8)]) list([(1165, 8)]) list([(519, 8)])
 list([(521, 8)]) list([(1319, 8)])
 list([(1199, 5), (1199, 6), (1716, 5)]) list([(666, 8)]) list([(708, 8)])
 list([(1066, 5)]) list([(1643, 8)]) list([(898, 8)]) list([(1043, 5)])
 list([(952, 8)]) list([(1379, 5)]) list([(1526, 8)]) list([(1139, 8)])
 list([(1149, 8)]) list([(1449, 5), (1449, 8)]) list([(1984, 5)])
 list([(1760, 5), (1760, 8), (2157, 5)]) list([(1458, 8), (1797, 5)])
 list([(1665, 8)]) list([(1888, 8)]) list([(1898, 8)]) list([(1938, 8)])
 list([(2199, 5)]) list([(2096, 8), (2272, 5), (2272, 6)])
 list([(2149, 8)])]
